# Stock prices over 100 days (fictional data)
102.34
103.12
104.56
102.89
101.23
100.56
99.87
101.23
102.45
103.67
104.89
105.23
106.45
107.12
108.34
107.89
106.45
107.12
108.34
109.12
110.45
111.23
112.56
113.12
114.34
115.67
116.23
115.89
116.45
117.12
118.34
119.12
120.45
121.23
122.56
123.12
124.34
125.67
126.23
125.89
126.45
127.12
128.34
129.12
130.45
131.23
132.56
133.12
134.34
135.67
136.23
135.89
136.45
137.12
138.34
139.12
140.45
141.23
142.56
143.12
144.34
145.67
146.23
145.89
146.45
147.12
148.34
149.12
150.45
151.23
152.56
153.12
154.34
155.67
156.23
155.89
156.45
157.12
158.34
159.12
160.45
161.23
162.56
163.12
164.34
165.67
166.23
165.89
166.45
167.12
168.34
169.12
170.45
171.23
172.56
173.12
174.34
175.67
176.23
175.89
