103.996
102.976
102.126
103.516
104.461
104.948
103.845
103.729
105.816
103.404
106.44
106.941
106.945
106.184
106.205
108.583
108.387
108.237
106.331
106.479
109.939
110.072
108.697
110.022
109.099
110.38
110.885
109.601
111.067
112.826
109.925
112.788
110.43
112.393
114.437
114.092
112.792
115.257
114.876
112.694
114.575
116.33
113.721
113.28
116.897
116.704
117.132
115.19
117.694
116.734
117.165
118.727
117.195
116.586
120.039
120.71
119.583
118.04
119.455
121.958
122.261
120.472
120.593
121.97
120.008
120.946
121.087
122.684
122.782
122.104
123.405
123.735
124.456
125.459
122.562
122.93
123.467
125.196
125.187
124.646
126.143
126.124
127.027
125.315
127.936
127.087
129.222
128.079
127.352
130.906
128.145
128.344
130.921
131.088
128.828
132.78
132.584
131.129
130.606
132.542
132.081
134.246
130.944
133.836
131.652
132.648
133.107
134.232
132.862
135.5
136.899
136.572
137.603
135.95
135.563
134.898
136.833
138.545
136.304
136.262
136.817
138.685
137.534
140.144
141.402
140.91
139.458
140.341
139.537
140.796
139.37
142.817
140.285
143.408
141.349
144.069
142.268
142.583
143.184
144.729
144.506
145.41
146.742
146.136
147.374
145.924
147.962
147.17
147.938
145.62
148.837
148.644
149.59
149.629
146.923
148.886
150.857
150.589
148.661
149.333
151.516
150.552
152.514
151
151.438
151.129
150.508
153.776
152.182
151.141
154.648
154.591
152.531
155.152
155.9
153.434
156.095
157.075
156.722
155.844
155.513
156.972
158.019
156.709
157.199
157.051
159.679
159.483
158.371
159.911
159.609
157.754
158.507
158.649
158.573
160.151
162.469
160.02
162.243
160.548
